30 局，基准=图族

     seed     清/源   vtime     行程s     扫描s     清理s     清完时剩余     已定位未清
--------------------------------------------------------------------------------
 20260913   4/10     1195     968     967     228         5         2
 20261013   3/12     1179     848    1041     138        21         4
 20261113   4/16     1191     844    1068     123         9         2
 20261213   4/10     1188     827    1074     113        12         2
 20261313   6/10     1195     910    1053     141         5         0
 20261413   4/11     1151     822    1015     136        49         1
 20261513   6/10     1194     908    1100      95         6         0
 20261613   6/16     1192     884    1046     146         8         3
 20261713   6/12     1189     855     722     467        11         0
 20261813   5/11     1192     839     911     281         8         1
 20261913   6/11     1186     828     997     189        14         1
 20262013   5/10     1191     768    1072     119         9         3
 20262113   5/11     1192     864    1013     178         8         1
 20262213   5/13     1181     889    1099      83        19         1
 20262313   8/14     1180     874    1102      78        20         1
 20262413   6/13     1161     821     758     402        39         0
 20262513   5/13     1189     818    1082     107        11         5
 20262613   4/10     1191     956     982     209         9         1
 20262713   3/10     1189     851     987     201        11         1
 20262813   6/12     1189     885    1141      48        11         1
 20262913   7/11     1166     773     948     218        34         1
 20263013   5/15     1190     861    1096      94        10         2
 20263113   5/12     1185     837    1126      59        15         2
 20263213   6/12     1185     822     980     205        15         2
 20263313   3/10     1196     884     831     365         4         0
 20263413   6/16     1196     831    1033     163         4         4
 20263513   4/13     1190     921     977     213        10         1
 20263613   5/14     1176     769    1103      73        24         2
 20263713   5/16     1180     834    1125      55        20         4
 20263813   4/10     1182     846    1024     157        18         1
--------------------------------------------------------------------------------
       均值   0.421    1185     854    1016     169        15      1.63

合计清除 151/364 = 0.4148
末尾仍'已定位但未清除'的目标合计 49 个（占未清除总数的 23.0%）
