30 局

【假设核查】扫描决策时场上的可清目标数（若恒为 0，则扫描与清除本来就不竞争）
  样本 30 次扫描决策：非零次数 = 25，最大 = 5

【每局流程】扫描轮 / 清理轮 / 清理轮结束时剩余预算
     seed     清/源     扫描轮     清理轮       清理轮末剩余      扫描新目标      新目标被清
------------------------------------------------------------------------------
 20260913   4/10        1       6            5          5          0
 20261013   3/12        4       8           21          6          0
 20261113   4/16        3       6            9          6          0
 20261213   4/10        4       6           12          6          0
 20261313   6/10        1       1            5          5          0
 20261413   4/11        3       5           49          4          0
 20261513   6/10        1       1            6          6          0
 20261613   6/16        2       6            8          8          0
 20261713   6/12        3       2           11          6          0
 20261813   5/11        4       7            8          6          0
 20261913   6/11        3       5           14          7          0
 20262013   5/10        3       7            9          7          0
 20262113   5/11        2       6            8          4          0
 20262213   5/13        1       6           19          5          0
 20262313   8/14        1       6           20          8          0
 20262413   6/13        2       1          214          6          0
 20262513   5/13        4       8           11          9          0
 20262613   4/10        2       5            9          4          0
 20262713   3/10        4       6           11          4          0
 20262813   6/12        1       6           11          7          0
 20262913   7/11        3       9           34          8          0
 20263013   5/15        2       6           10          7          0
 20263113   5/12        3       7           15          6          0
 20263213   6/12        3       9           15          7          0
 20263313   3/10        2       2            4          3          0
 20263413   6/16        1       6            4          7          0
 20263513   4/13        2       5           10          5          0
 20263613   5/14        3       6           24          6          0
 20263713   5/16        1       6           20          5          0
 20263813   4/10        2       6           18          4          0
------------------------------------------------------------------------------
扫描阶段新发现的可清目标合计 177 个，其中最终被清除 0 个（0.0%）
清理轮合计 166 次，其中因'预算不足'收敛 91 次（54.8%）
末尾'已定位但未清除'合计 49 个，占未清除总数 213 的 23.0%
