30 局；末尾'已定位但未清除'的目标共 49 个

  R1 可达却错过（t0 时剩余 >= 耗时）:   26 个   53.1%
  R2 从未可达（t0 时剩余 <  耗时）:   22 个   44.9%
  R3 去过但失败/记账异常          :    1 个

  R1 明细（seed, ch, 当时剩余s, 需要s, 到区域中心m, 区域半径m）：
    (20260913, 14, 981, 91, 351, 14)
    (20260913, 15, 975, 274, 1167, 109)
    (20261013, 3, 1003, 218, 890, 124)
    (20261013, 9, 985, 231, 953, 91)
    (20261113, 1, 156, 85, 319, 6)
    (20261613, 3, 431, 314, 1369, 212)
    (20261613, 11, 983, 276, 1178, 126)
    (20262013, 6, 977, 195, 772, 45)
    (20262013, 12, 971, 254, 1066, 95)
    (20262213, 2, 993, 345, 1521, 193)
    (20262313, 4, 760, 210, 847, 255)
    (20262513, 4, 995, 330, 1447, 196)
    (20262513, 16, 846, 319, 1392, 91)
    (20262813, 6, 980, 299, 1295, 136)
    (20262913, 20, 967, 230, 947, 94)
    (20263013, 2, 995, 254, 1067, 92)
    (20263113, 4, 553, 267, 1133, 140)
    (20263213, 3, 993, 151, 555, 62)
    (20263213, 4, 110, 85, 320, 9)
    (20263413, 6, 692, 299, 1295, 173)
    (20263413, 7, 957, 268, 1138, 129)
    (20263613, 2, 274, 254, 1067, 150)
    (20263713, 6, 961, 190, 746, 91)
    (20263713, 9, 955, 163, 613, 49)
    (20263713, 20, 937, 149, 541, 119)

  R2 的'缺口'分布（需要 − 剩余）:
    中位数 143 s，P25 85 s，P75 190 s，最大 616 s

【扫描的用途】进入清理队列（≥2 条方位）的频道，其第二方位来自哪里
  在原点就拿到 2 条方位的：0 个
  需要移动到别处才拿到第二方位的：200 个（100.0%） <- 这部分是扫描阶段换来的
